000001 00036
1528 36
000002 00037
1584 37
000003 00039
1853 39
000004 00039
1766 39
000005 00040
1901 40
000006 00046
2188 46
000007 00041
1953 41
000008 00043
2142 43
000009 00043
2311 43
000010 00052
2720 52
000011 00047
2442 47
000012 00052
2853 52
000013 00051
2782 51
000014 00047
2638 47
000015 00049
2841 49
000016 00047
2751 47
000017 00051
3051 51
000018 00050
3094 50
000019 00048
2883 48
000020 00050
3059 50
000021 00053
3108 53
000022 00055
3324 55
000023 00057
3457 57
000024 00053
3259 53
000025 00057
3501 57
000026 00057
3551 57
000027 00056
3604 56
000028 00057
3743 57
000029 00055
3634 55
000030 00055
3694 55
000031 00055
3748 55
000032 00056
3887 56
000033 00057
4025 57
000034 00055
3918 55
000035 00055
3978 55
000036 00055
4032 55
000037 00056
4170 56
000038 00057
4307 57
000039 00055
4202 55
000040 00055
4262 55
000041 00055
4316 55
000042 00056
4453 56
000043 00057
4589 57
000044 00056
4564 56
000045 00057
4702 57
000046 00058
4839 58
000047 00057
4810 57
000048 00057
4871 57
000049 00058
5003 58
000050 00058
5071 58
000051 00060
5283 60
000052 00057
5109 57
000053 00058
5239 58
000054 00057
5230 57
000055 00059
5434 59
000056 00059
5512 59
000057 00058
5469 58
000058 00059
5590 59
000059 00060
5704 60
000060 00060
5783 60
000061 00061
5928 61
000062 00059
5828 59
000063 00060
5952 60
000064 00061
6069 61
000065 00060
6095 60
000066 00061
6239 61
000067 00059
6141 59
000068 00060
6264 60
000069 00061
6380 61
000070 00060
6407 60
000071 00061
6550 61
000072 00059
6454 59
000073 00060
6576 60
000074 00061
6691 61
000075 00060
6719 60
000076 00061
6861 61
000077 00059
6767 59
000078 00060
6888 60
000079 00061
7002 61
000080 00061
7084 61
000081 00063
7278 63
000082 00062
7244 62
000083 00061
7249 61
000084 00062
7367 62
000085 00064
7560 64
000086 00067
7811 67
000087 00064
7670 64
000088 00065
7794 65
000089 00066
7911 66
000090 00067
8052 67
000091 00068
8193 68
000092 00066
8113 66
000093 00066
8184 66
000094 00066
8249 66
000095 00067
8390 67
000096 00068
8530 68
000097 00066
8452 66
000098 00066
8523 66
000099 00066
8588 66
000100 00067
8728 67
000101 00068
8867 68
000102 00066
8791 66
000103 00066
8862 66
000104 00066
8927 66
000105 00067
9066 67
000106 00068
9204 68
000107 00067
9199 67
000108 00068
9339 68
000109 00069
9478 69
000110 00068
9469 68
000111 00069
9611 69
000112 00070
9750 70
000113 00072
9964 72
000114 00071
9962 71
000115 00072
10104 72
000116 00073
10245 73
000117 00073
10317 73
000118 00073
10390 73
000119 00073
10463 73
000120 00073
10536 73
000121 00073
10609 73
000122 00073
10682 73
000123 00073
10755 73
000124 00073
10828 73
000125 00073
10901 73
000126 00073
10974 73
000127 00073
11047 73
000128 00073
11120 73
000129 00073
11193 73
000130 00073
11266 73
000131 00073
11339 73
000132 00073
11412 73
000133 00073
11485 73
000134 00073
11558 73
000135 00073
11631 73
000136 00073
11704 73
000137 00073
11777 73
000138 00073
11850 73
000139 00073
11923 73
000140 00073
11996 73
000141 00073
12069 73
000142 00073
12142 73
000143 00073
12215 73
000144 00073
12288 73
000145 00073
12361 73
000146 00073
12434 73
000147 00073
12507 73
000148 00073
12580 73
000149 00073
12653 73
000150 00073
12726 73
000151 00073
12799 73
000152 00073
12872 73
000153 00073
12945 73
000154 00073
13018 73
000155 00073
13091 73
000156 00073
13164 73
000157 00073
13237 73
000158 00073
13310 73
000159 00073
13383 73
000160 00073
13456 73
000161 00073
13529 73
000162 00073
13602 73
000163 00073
13675 73
000164 00073
13748 73
000165 00073
13821 73
000166 00073
13894 73
000167 00073
13967 73
000168 00073
14040 73
000169 00073
14113 73
000170 00073
14186 73
000171 00073
14259 73
000172 00073
14332 73
000173 00073
14405 73
000174 00073
14478 73
000175 00073
14551 73
000176 00073
14624 73
000177 00073
14697 73
000178 00073
14770 73
000179 00073
14843 73
000180 00073
14916 73
000181 00073
14989 73
000182 00073
15062 73
000183 00073
15135 73
000184 00073
15208 73
000185 00073
15281 73
000186 00073
15354 73
000187 00073
15427 73
000188 00073
15500 73
000189 00073
15573 73
000190 00073
15646 73
000191 00073
15719 73
000192 00073
15792 73
000193 00073
15865 73
000194 00073
15938 73
000195 00073
16011 73
000196 00073
16084 73
000197 00073
16157 73
000198 00073
16230 73
000199 00073
16303 73
000200 00073
16376 73

n200 = 16376
n201 = n200 + 73 * (201 - 200)
     = 16376 + 73 * 1

nX = n200 + 73 * (x - 200)
   = 16376 + 73 * (x - 200)